0.045584 0.049595 0.046807 0.051940 0.043805 0.049059 0.044911 0.051716 0.045002 0.049558 0.044756 0.050186 0.047165 0.058724 0.053025 0.059729 0.052881 0.058495 0.047787 0.051824 0.048400 0.050776 0.046014 0.057496 0.048672 0.056900 0.054726 0.051393 0.045951 0.051639 
0.180200 0.197082 0.170170 0.188247 0.169659 0.197089 0.196947 0.189445 0.169062 0.186806 0.171198 0.187162 0.165832 0.188252 0.167823 0.187852 0.168372 0.187834 0.169122 0.187304 0.165699 0.188640 0.170133 0.192676 0.166123 0.185339 0.167909 0.188683 0.168815 0.192022 
0.372301 0.421574 0.372011 0.426159 0.432483 0.463324 0.375286 0.523806 0.401041 0.522384 0.376018 0.437350 0.438605 0.431540 0.443186 0.485212 0.396558 0.437628 0.378966 0.474531 0.459961 0.440951 0.379786 0.482007 0.403190 0.461566 0.394577 0.428521 0.373870 0.429617 
0.676402 0.788893 0.687196 0.796637 0.681411 0.854319 0.695228 0.838018 0.674153 0.794303 0.669630 0.793752 0.670849 0.793847 0.686046 0.798077 0.725044 0.850586 0.688962 0.796800 0.683406 0.826625 0.673478 0.821837 0.729301 0.848385 0.681917 0.811638 0.675896 0.881621 
1.085303 1.268898 1.063043 1.317346 1.068231 1.341578 1.085750 1.283129 1.067180 1.305018 1.053082 1.349340 1.061782 1.319933 1.153018 1.341651 1.137919 1.362685 1.200533 1.332064 1.052470 1.290405 1.062900 1.326530 1.085158 1.377256 1.109319 1.311135 1.079665 1.361638 
1.682805 2.134539 1.567780 1.937632 1.649731 1.942768 1.594833 1.947295 1.567334 1.908308 1.547444 1.879223 1.537705 1.925578 1.570352 1.915207 1.662285 1.947899 1.544537 1.930031 1.563601 1.858605 1.560797 1.893033 1.564921 1.872777 1.572885 1.897928 1.579916 1.890960 
2.080999 2.576427 2.131126 2.743258 2.105656 2.618731 2.104711 2.599115 2.142488 2.587019 2.295136 2.669340 2.153859 2.640171 2.188079 2.609472 2.095053 2.765918 2.293496 2.745538 2.077247 2.715669 2.206107 2.711086 2.350950 2.778345 2.148694 2.633982 2.159066 2.579502 
2.767085 3.401913 2.739962 3.453800 2.830239 3.479910 2.768564 3.404880 2.750495 3.348438 2.784550 3.421289 2.784565 3.456166 2.783789 3.535184 2.751666 3.471665 2.744397 3.537880 2.782634 3.445435 2.752664 3.426393 2.782902 3.435550 2.815342 3.450110 2.803218 3.494668 
3.489804 4.509505 3.533199 4.418696 3.494223 4.358554 3.454606 4.326147 3.558091 4.411436 3.540658 4.368640 3.582360 4.961367 3.651713 4.412618 3.684322 4.398183 3.742749 4.474387 3.502713 4.399197 3.512125 4.388318 3.549907 4.540049 3.517064 4.400651 3.571973 4.527525 
4.391500 5.424494 4.369766 5.398260 4.878426 5.515638 4.336717 5.426094 4.400731 5.549838 4.493804 5.490705 4.579142 5.495559 4.393280 5.624806 4.404555 5.607578 4.385266 5.489750 4.385363 5.518552 4.420877 5.578001 4.474088 5.603794 4.406243 5.521053 4.370173 5.419241 
